
28566273
37437248
38570684
30572909
38958790
1987160
33568819
34488874
34260828
30740746
34739369
36504836
29277863
36638792
28224997
16214743
29526279
35260931
36151201
36624353
30822165
29030577
30630525
38093186
31375408
37150780
26883003
37167968
39426381
30980297
39942521
34389865
38951641
39986726
38440759
32857118
33268865
35722691
32470963
27606315
20488443
40055519
23653361
30880167
32833051
24360282
37041418
35202647
35962326
35859206
33454660
33857967
9882019
35464380
27896728
37146213
19238710
36007540
37372632
33095160
18983966
29525090
28568904
36201725
31830756
37836192
35499657
33139718
25357228
36979601
9332711
38199472
35817656
37277428
36475767
35573693
30248847
25639978
28426964
39562075
33017798
37376329
39703908
34707290
31767649
35587493
25770088
35241705
32292417
39294368
16522569
33406409
38024710
23660400
35960032
37369347
35877898
20806909
35817658
33039572
36696901
30126066
22192823
27118425
29722813
37192619
30582804
37344650
35782097
12614582
12734395
26540272
25209090
15589800
35074370
31591416
27454254
31592020
36295273
28562594
31053798
27534393
30869751
26586661
30718790
25525151
36621482
20448178
33951887
39358450
40848721
37207647
21295276
33767248
29202706
34019796
28170437
33801341
37460804
32147475
38196296
38182825
33274882
21822975
29709200
34343167
37537502
34052577
28772877
34133940
38241246
36008437
31992066
21567466
38937030
37696371
24828244
6864500
31950986
35647675
31479668
34618559
30283134
24550457
24882597
30992300
36503705
39307093
39814012
15456130
41286002
28826472
39787764
35839101
25194659
